Run semi-empirical minimization
 &qmmm
    qm_theory='AM1', grms_tol=0.0005,
 scfconv=1.d-10, ndiis_attempts=700,   qmcharge=0,
 /
   7     N        0.2600        0.4480       23.7280 
   6    CA        1.5230       -0.2850       23.5830 
   6     C        1.6220       -0.9230       22.2140 
   8     O        0.6690       -0.8780       21.4360 
   6    CB        1.5940       -1.3530       24.6600 
   8    OG        0.6050       -2.3480       24.4570 
   8   OXT        2.6720       -1.5060       21.8890 
   1     H        0.2010        1.1690       23.0090 
   1    H1        0.2230        0.8830       24.6500 
   1    H2        2.3400        0.3980       23.6880 
   1    H3        1.4400       -0.8970       25.6150 
   1    H4        2.5570       -1.8170       24.6160 
   1    H5       -0.2750       -1.9420       24.4940 
   1    H6        3.3940       -1.5370       22.4850 

