Cpptraj Generated trajectory                                                    
   1.145  13.001  -1.848  -0.578  11.448  -0.288  -0.510  10.671   1.143  -1.808
  10.354   1.572   1.960  12.827  -1.718   2.857  12.313  -3.171   3.944  13.305
  -3.595   3.445  10.909  -3.342   4.831  12.540  -4.440   4.294  11.203  -4.532
   2.468   9.825  -3.787   5.150  10.066  -5.044   3.135   8.576  -4.361   4.322
   8.805  -5.284   0.287   9.496   1.255   0.801  12.890  -2.827   0.839  13.990
  -1.688  -1.299  10.788  -0.798   2.759  13.643  -1.115   2.985  12.400  -1.266
   3.524  14.169  -4.123   4.485  13.667  -2.710   1.921   9.457  -2.933   5.473
  10.396  -6.030   2.395   7.922  -4.834   4.966   7.920  -5.256   0.270   9.281
   2.200
