Run semi-empirical minimization
 &qmmm
    qm_theory='AM1', grms_tol=0.0005,
 scfconv=1.d-10, ndiis_attempts=700,   qmcharge=0,
 /
   7     N       -2.4430        7.9310       -3.1570 
   6    CA       -3.2100        7.0290       -2.2800 
   6     C       -4.6850        7.0930       -2.7000 
   8     O       -5.2830        8.1280       -2.4660 
   6    CB       -2.9870        7.4160       -0.8430 
   8   OG1       -1.5740        7.3350       -0.5850 
   6   CG2       -3.7440        6.5510        0.1170 
   8   OXT       -5.1480        6.2220       -3.3910 
   1     H       -2.5940        7.6680       -4.1310 
   1    H1       -1.4500        7.8570       -2.9350 
   1    H2       -2.8850        6.0140       -2.3760 
   1    H3       -4.8910        8.7830       -1.9230 
   1    H4       -3.3530        8.4100       -0.6930 
   1    H5       -1.2710        6.4250       -0.7290 
   1    H6       -3.4200        5.5360        0.0150 
   1    H7       -4.7910        6.6140       -0.0950 
   1    H8       -3.5620        6.8840        1.1170 

