Cpptraj Generated trajectory                                                    
   8.849   6.706 -18.972   8.020   6.934 -17.777   6.678   6.147 -17.843   5.895
   6.612 -18.944   7.837   8.463 -17.561   6.903   8.887 -16.399   5.387   8.834
 -16.642   7.124   8.247 -15.021   4.784   8.902 -15.310   5.714   8.233 -14.396
   8.169   8.969 -14.155   5.637   8.658 -12.921   8.222   8.380 -12.732   6.830
   8.141 -12.099   6.891   4.739 -17.919   9.017   5.707 -19.086   9.763   7.140
 -18.843   8.576   6.544 -16.915   7.462   8.917 -18.487   8.824   8.906 -17.383
   5.065   9.679 -17.263   7.435   7.204 -15.130   9.159   8.910 -14.621   4.714
   8.258 -12.486   8.787   7.441 -12.730   6.801   8.597 -11.106   7.648   4.519
 -17.349
