Cpptraj Generated trajectory                                                    
 -16.632   6.603  10.554 -17.640   7.439  11.221 -17.006   8.795  11.657 -16.090
   8.564  12.732 -18.316   6.684  12.404 -18.994   5.329  12.075 -19.833   5.245
  10.781 -18.114   4.081  12.030 -19.751   3.848  10.299 -19.029   3.101  11.323
 -17.626   3.485  13.359 -18.345   1.773  10.970 -16.909   2.135  13.107 -17.747
   1.143  12.254 -18.015   9.723  12.050 -16.250   7.114   9.760 -17.079   5.764
  10.183 -18.421   7.673  10.485 -19.080   7.338  12.838 -17.577   6.513  13.195
 -20.872   5.546  10.964 -16.954   4.184  13.866 -17.555   1.946  10.231 -19.073
   1.087  10.522 -16.636   1.671  14.061 -17.144   0.264  11.996 -18.369  10.123
  11.236
