Cpptraj Generated trajectory                                                    
 -11.317   6.794  12.978 -12.196   7.151  11.852 -12.946   5.883  11.357 -12.033
   4.861  10.968 -11.407   7.914  10.745 -10.836   9.266  11.239  -9.539   9.226
  12.089 -10.520  10.324  10.187  -8.868  10.529  11.914  -9.727  11.309  11.025
 -11.683  11.030   9.469  -9.108  12.441  10.210 -11.144  12.195   8.603 -10.185
  13.146   9.364 -13.803   6.228  10.267 -10.858   7.628  13.337 -10.578   6.171
  12.651 -12.964   7.838  12.231 -11.780   4.389  11.784 -10.595   7.289  10.353
 -12.080   8.114   9.903  -8.882   8.423  11.729  -9.773   9.046  13.146 -12.221
  10.320   8.830  -8.705  13.171  10.914 -11.979  12.765   8.180  -9.703  13.843
   8.670
