Cpptraj Generated trajectory                                                    
  10.290   8.957 -17.005   9.161   9.060 -16.066   7.866   8.415 -16.638   7.443
   9.128 -17.801   8.978  10.544 -15.641   7.769  10.854 -14.722   6.386  11.020
 -15.368   7.543   9.950 -13.504   5.437  10.934 -14.254   6.019   9.997 -13.289
   8.351  10.362 -12.265   5.561  10.136 -11.826   7.964   9.498 -11.052   6.438
   9.313 -10.861   8.039   7.028 -16.915  10.441   7.978 -17.250  11.145   9.273
 -16.550   9.431   8.491 -15.168   8.899  11.171 -16.538   9.889  10.869 -15.124
   6.309  11.989 -15.876   7.796   8.913 -13.746   9.425  10.262 -12.460   4.523
   9.795 -11.744   8.427   9.893 -10.143   6.158   9.526  -9.827   8.690   6.672
 -16.286
