Cpptraj Generated trajectory                                                    
 -12.401   7.524   0.610 -11.307   6.743   1.201 -10.575   7.649   2.232 -11.083
   7.481   3.552 -10.421   6.154   0.058  -9.338   5.099   0.449  -9.387   4.380
   1.833  -7.854   5.452   0.250  -8.006   4.385   2.335  -7.194   4.407   1.129
  -7.287   5.473  -1.178  -5.672   4.544   1.220  -5.740   5.465  -1.193  -5.092
   4.461  -0.209  -9.176   7.396   2.213 -12.911   6.970  -0.075 -12.043   8.352
   0.136 -11.768   5.904   1.738 -11.047   6.529   3.755 -11.085   5.674  -0.673
  -9.941   6.983  -0.476  -9.716   3.344   1.690 -10.055   4.859   2.554  -7.602
   6.407  -1.650  -5.274   3.716   1.819  -5.419   5.206  -2.204  -4.004   4.594
  -0.189
