Cpptraj Generated trajectory                                                    
   3.692  11.880   3.645   5.072  12.090   4.089   5.257  11.629   5.558   4.393
  12.394   6.399   5.478  13.568   3.844   5.299  14.060   2.393   3.937  14.657
   1.950   5.638  13.088   1.274   3.824  14.403   0.498   5.112  13.854   0.077
   7.081  12.601   1.102   5.192  13.059  -1.224   7.174  11.754  -0.183   6.615
  12.502  -1.422   6.615  11.748   5.970   3.645  12.029   2.634   3.108  12.609
   4.055   5.719  11.445   3.482   4.908  14.229   4.509   6.533  13.697   4.112
   3.103  14.177   2.474   3.911  15.734   2.161   7.388  12.001   1.966   4.926
  13.703  -2.071   8.213  11.448  -0.352   6.635  11.858  -2.305   6.630  11.612
   6.935
