Cpptraj Generated trajectory                                                    
  -7.455  -2.926  10.853  -7.923  -4.226  11.353  -6.746  -5.027  11.988  -5.602
  -4.990  11.124  -8.665  -4.953  10.226  -7.718  -5.426   9.125  -7.533  -4.465
   7.930  -8.186  -6.728   8.515  -8.043  -5.185   6.759  -7.822  -6.592   7.066
  -7.708  -8.039   9.154  -8.550  -7.632   6.232  -7.810  -9.218   8.159  -8.781
  -8.963   6.982  -7.076  -6.364  12.325  -8.240  -2.398  10.476  -6.810  -3.052
  10.074  -8.654  -4.048  12.150  -9.198  -5.815  10.629  -9.442  -4.307   9.803
  -8.056  -3.516   8.086  -6.465  -4.254   7.795  -8.306  -8.243  10.049  -7.947
  -7.807   5.345  -8.064 -10.147   8.677  -8.774  -9.802   6.282  -7.970  -6.366
  12.720
