Cpptraj Generated trajectory                                                    
  -6.046  -2.138 -10.039  -5.061  -2.530  -9.021  -5.831  -3.206  -7.853  -6.826
  -2.308  -7.346  -4.196  -1.306  -8.596  -3.090  -0.871  -9.594  -1.851  -1.794
  -9.714  -3.478  -0.609 -11.046  -1.329  -1.647 -11.088  -2.122  -0.600 -11.725
  -4.301   0.635 -11.419  -2.253  -0.620 -13.245  -4.440   0.717 -12.960  -3.104
   0.567 -13.729  -4.967  -3.670  -6.822  -5.588  -1.868 -10.912  -6.561  -1.323
  -9.713  -4.400  -3.293  -9.453  -4.852  -0.449  -8.401  -3.698  -1.522  -7.642
  -1.097  -1.502  -8.975  -2.127  -2.840  -9.534  -5.298   0.566 -10.970  -2.735
  -1.549 -13.550  -4.941   1.646 -13.253  -3.321   0.404 -14.786  -4.156  -4.012
  -7.237
